18785
48501
48547
50416
50735
53436
54434
54612
62626
63938
76569
79573
112163
112831
125440
138995
186256
186504
186587
187239
187295
187440
187773
188114
189434
190600
191668
194677
206871
217105
217800
224022
226886
235263
250214
268321
288551
303846
326517
348053
390242
402394
402448
410677
437390
480847
494464
534126
537625
538827
539111
539242
557324
557482
610335
637166
667227
668276
668479
672583
682660
705933
705995
707962
759343
792610
802713
827717
835799
860364
892589
898741
910252
910706
911237
911416
911632
911824
912192
912521
913026
913205
913471
913812
935605
940059
940368
941494
941684
944673
1006772
1007180
1007428
1019380
1023358
1045581
1050664
1052868
1053177
1053364
1059656
1070666
1073956
1073972
1074883
1092420
1092584
1093245
1099805
1100209
1115180
1119870
1139767
1139785
1140716
1142806
1142907
1146793
1147811
1148711
1149058
1149323
1149416
1149474
1149982
1150123
1150407
1150529
1150636
1151016
1151292
1151395
1151636
1151971
1152885
1153841
1154517
1154915
1155060
1156943
1157735
1157974
1157988
1158398
1158917
1159892
1160412
1162095
1162580
1162719
1163337
1163614
1163853
1164466
1165745
1166058
1166409
1166785
1167011
1167403
1167802
1167991
1168154
1168760
1169896
1170277
1171168
1172988
1183882
1189581
1249900
1250773
1271728
1310880
1311558
1312548
1314229
1323387
1332941
1343154
1353944
1354160
1354339
1354642
1354875
1355006
1355407
1355560
1355786
1356059
1356129
1357111
1357264
1357454
1357553
1374576
1375452
1375610
1378442
1379572
1441995
1443740
1448388
1449075
1451649
1460477
1464155
1486880
1487232
1487441
1487774
1488032
1488594
1488873
1490154
1491376
1491593
1491739
1491871
1492421
1492560
1493681
1494215
1494836
1495524
1496165
1496280
1496352
1496670
1496940
1497111
1497314
1497924
1498151
1498405
1500360
1500753
1510808
1510823
1511178
1511766
1521831
1529548
1529634
1540393
1552104
1565485
1573138
1573383
1593185
1643446
1661478
1664828
1671441
1677863
1688817
1689026
1690661
1690869
1691314
1691625
1691848
1692343
1692714
1693093
1693337
1693524
1695041
1695736
1695954
1696164
1697180
1697593
1698157
1698333
1698480
1698543
1700150
1700784
1701403
1701917
1702582
1703072
1703993
1704447
1705423
1705758
1706069
1706274
1706997
1707039
1707316
1707591
1708275
1709419
1712316
1712693
1713504
1713768
1713980
1714090
1714516
1714772
1715327
1716129
1717068
1717716
1718342
1718647
1718860
1719200
1720772
1722090
1722402
1723238
1723462
1753284
1753970
1763836
1763897
1772034
1774661
1775801
1788699
1795579
1816838
1818565
1834197
1856675
1874078
1875873
1912643
1912980
1914908
1918005
1918260
1918605
1918741
1919328
1919557
1920195
1920307
1921188
1921691
1922607
1924543
1930411
1935704
1947526
1951294
1951766
1977038
1979128
1980140
1982692
1985015
1988265
1996127
1997086
2000196
2006721
2020491
2022124
2023412
2028723
2036399
2037032
2038904
2040139
